distance
571.055
628.713
516.599
475.699
654.096
660.731
664.511
661.972
599.048
787.65
706.385
797.676
531.678
723.591
729.077
716.004
732.895
735.341
613.202
674.089
767.441
719.555
631.183
541.821
544.725
502.904
597.895
624.718
638.067
648.305
581.194
551.869
461.088
617.548
619.41
439.652
680.183
544.796
578.965
456.938
725.306
451.881
634.739
787.514
752.024
759.381
594.882
499.813
688.012
781.444
603.474
579.514
475.619
485.993
691.225
692.907
692.324
665.401
616.116
456.363
614.858
630.456
629.229
501.488
665.944
633.961
615.457
726.403
545.801
597.494
553.468
610.369
695.921
582.091
648.532
707.136
542.62
653.909
623.196
630.12
591.665
607.938
623.016
686.583
482.353
673.276
611.828
597.248
597.794
663.559
617.308
684.17
620.555
672.96
662.901
635.882
515.195
697.749
634.59
696.743
533.164
557.463
660.343
678.435
447.677
594.086
628.89
657.641
651.619
693.191
583.926
747.029
643.98
583.793
624.163
666.974
580.134
588.904
507.277
696.922
658.892
644.104
628.372
604.546
591.856
472.619
454.745
542.05
600.052
549.843
513.108
694.605
652.649
585.526
611.308
609.437
741.984
638.329
667.095
760.516
574.3
577.695
646.174
678.349
745.503
625.501
283.625
417.689
683.037
396.97
627.375
257.13
648.881
671.512
733.46
224.466
358.353
645.963
552.049
627.125
638.5
602.648
715.702
325.163
607.504
594.133
593.751
505.079
660.373
688.625
359.794
728.183
322.517
698.783
748.219
754.3
642.537
701.496
563.43
556.132
698.498
694.056
553.994
652.917
606.048
781.746
625.409
610.376
689.082
618.916
675.238
651.338
639.176
634.255
644.525
611.926
613.769
718.743
584.644
577.483
715.512
586.498
571.381
639.795
644.642
646.344
636.483
644.951
673.57
537.074
719.626
703.697
575.378
627.411
461.884
543.926
518.672
552.702
722.988
519.126
668.913
789.576
672.211
553.667
630.347
706.783
617.339
351.401
655.05
716.327
627.329
542.499
522.418
386.689
607.012
537.5
551.962
632.61
744.433
530.014
680.379
700.084
590.265
646.272
716.197
626.278
488.032
625.267
729.005
111.427
506.909
402.561
502.387
623.377
697.095
582.277
747.838
685.006
622.291
524.469
605.793
637.473
638.683
665.922
719.851
605.349
610.626
699.686
421.895
610.664
626.43
651.599
639.042
673.28
682.883
681.266
585.691
642.843
701.044
648.988
743.757
648.415
710.755
653.347
557.006
681.288
765.031
730.044
553.611
617.773
715.057
685.867
689.995
719.269
274.093
513.251
342.532
608.699
529.679
688.996
337.129
709.866
495.346
560.781
722.026
615.936
661.449
575.553
658.648
676.707
602.815
587.279
721.419
534.152
619.436
562.846
784.186
436.111
681.886
724.371
667.273
757.015
681.55
609.687
617.505
706.432
381.882
516.062
641.326
684.385
667.43
655.86
647.113
535.198
750.103
659.971
677.34
631.678
664.186
579.665
702.602
682.564
693.04
748.301
541.729
665.721
524.054
656.954
718.527
685.584
754.885
673.626
714.454
576.942
707.121
703.166
719.937
661.909
689.659
602.368
573.569
564.865
491.071
622.68
558.774
581.105
547.113
591.518
647.017
616.946
508.143
587.393
649.318
588.374
609.78
363.89
415.245
636.419
580.265
513.909
673.147
657.228
642.07
642.946
567.173
677.286
549.673
682.558
287.139
618.365
676.331
651.359
505.376
600.162
482.9
615.041
550.983
636.721
727.925
703.08
506.664
586.099
713.018
714.186
689.953
627.983
618.286
694.139
665.998
423.605
451.15
559.137
708.647
709.87
566.2
696.965
637.534
539.055
453.397
607.183
662.823
724.266
515.496
591.195
621.68
596.879
550.286
230.827
620.248
627.333
650.491
574.762
627.692
320.883
363.871
368.878
661.676
582.247
606.906
567.918
606.007
727.297
616.389
575.588
684.056
689.422
536.322
606.535
561.081
699.828
633.425
615.749
711.992
548.801
630.122
651.695
659.364
637.177
468.316
633.182
679.188
711.811
777.662
520.738
634.979
664.517
526.185
730.096
663.413
651.812
684.974
659.124
690.694
683.567
668.947
587.158
605.164
475.769
735.607
580.21
679.011
662.368
547.959
613.813
607.605
667.287
630.159
691.027
675.362
695.667
318.478
681.09
675.818
568.515
354.869
621.963
673.399
737.131
556.467
491.32
409.973
710.681
713.625
700.48
684.864
700.97
565.144
687.818
702.375
562.088
713.568
604.917
670.999
701.424
691.073
459.537
650.989
668.87
596.977
542.901
663.531
681.16
716.519
556.594
521.325
618.874
534.732
644.516
691.307
523.61
518.424
706.452
563.173
588.35
542.601
625.595
670.461
654.152
514.745
593.991
536.015
591.839
532.018
522.811
613.946
600.957
652.088
529.859
561.974
551.134
558.807
369.859
544.358
532.344
467.668
559.48
527.572
640.482
389.561
643.95
654.207
571.994
623.022
608.386
680.001
538.469
621.061
606.618
670.507
655.133
470.896
623.329
705.053
665.749
587.501
591.544
713.975
590.427
565.463
494.634
551.217
503.221
638.15
574.559
600.089
680.51
535.486
659.073
640.452
624.078
665.642
611.631
638.028
493.596
566.14
637.857
529.607
528.737
651.194
614.915
533.189
610.424
632.145
573.386
534.334
612.641
541.751
653.985
558.134
565.425
552.187
464.54
424.594
573.518
703.594
510.183
540.214
519.038
606.208
528.516
752.932
494.263
508.417
446.368
484.145
601.017
598.488
687.931
589.404
514.36
662.165
519.548
584.634
558.971
557.354
574.816
532.762
631.646
576.496
641.667
641.538
632.739
666.567
638.348
668.766
633.057
656.794
586.569
643.367
715.274
688.239
631.421
655.234
634.882
610.83
613.391
657.926
627
575.043
609.774
670.877
664.315
605.165
641.663
675.509
646.662
718.353
663.596
684.539
798.773
621.328
483.218
455.29
656.507
412.743
620.884
435.726
437.133
514.223
587.798
569.48
424.473
522.761
483.714
467.194
529.258
439.313
540.447
688.164
609.484
483.232
563.036
605.175
645.618
388.963
597.474
549.969
447.217
606.266
559.176
581.202
523.635
536.578
648.218
648.574
593.303
611.645
523.227
521.49
582.971
550.155
523.332
524.229
531.034
458.709
613.857
553.542
612.021
612.19
584.401
601.427
821.596
629.775
572.281
697.195
690.674
703.591
631.09
638.781
462.276
620.655
614.218
753.138
586.965
715.744
614.195
780.811
733.614
729.045
569.483
754.093
709.819
596.468
483.895
575.321
658.899
697.4
829.359
681.575
741.247
721.784
554.619
637.75
614.947
594.973
540.059
610.303
748.804
581.157
661.853
582.279
656.033
536.05
631.833
724.58
618.694
714.927
751.328
750.892
774.06
719.035
756.627
369.907
806.836
681.181
672.457
327.973
613.256
500.914
534.331
547.802
624.304
533.001
665.29
637.392
679.174
710.308
524.768
615.05
603.102
394.522
394.786
502.734
551.186
488.8
339.22
390.001
643.034
602.909
584.282
579.932
701.57
533.724
533.031
537.822
304.884
416.74
771.785
580.839
281.205
642.616
667.954
495.958
568.664
595.322
260.329
571.348
762.666
560.634
558.738
735.305
720.837
264.167
721.773
679.082
708.886
587.543
728.839
549.112
525.745
329.779
720.725
747.858
784.45
531.648
698.837
823.134
738.557
690.529
627.857
565.767
355.085
805.556
710.845
512.442
475.46
532.643
318.785
776.269
329.591
507.369
683.397
763.264
199.552
642.322
743.846
792.215
464.25
586.417
551.25
553.189
430.653
367.004
766.431
744.968
564.212
769.964
694.413
635.559
746.212
708.465
680.094
722.577
769.332
732.719
730.993
727.597
455.78
651.929
325.713
367.474
701.178
517.197
446.277
607.273
754.913
671.519
330.796
328.932
387.598
686.167
649.556
715.524
724.69
714.894
627.289
358.182
667.879
777.387
721.485
631.306
739.586
681.71
561.336
648.073
602.601
667.549
316.066
527.68
693.278
612.19
610.539
380.188
524.517
478.41
470.579
813.845
340.312
553.53
439.042
639.537
671.738
658.442
578.339
426.814
540.13
636.984
315.816
265.535
137.543
679.934
651.926
687.738
713.997
647.112
737.197
740.937
742.867
770.792
767.954
690.934
524.369
721.903
756.76
715.604
761.082
769.068
820.898
617.339
739.759
686.597
578.599
779.534
847.617
673.875
252.071
806.43
451.869
704.458
434.135
697.581
758.003
453.194
502.663
630.534
670.199
618.588
698.606
672.776
641.734
672.973
747.112
707.135
518.251
686.092
763.96
645.898
721.607
694.45
516.2
535.097
717.747
460.027
634.74
633.774
724.472
504.387
777.68
496.075
545.13
577.519
434.802
551.783
674.936
662.327
740.214
740.355
612.297
335.598
659.365
710.516
666.392
656.71
126.878
612.43
434.545
670.157
428.766
562.432
348.452
290.565
582.153
608.144
600.566
764.289
682.982
584.42
703.557
687.794
724.959
348.276
566.598
613.304
660.077
636.811
486.483
607.948
651.87
415.173
513.389
586.232
609.55
617.286
417.698
490.358
552.931
500.945
298.349
550.569
572.563
659.54
313.734
289.266
391.206
529.669
568.706
294.824
682.703
552.282
188.939
630.07
171.061
257.08
525.932
576.948
436.52
634.437
288.094
405.514
569.638
703.883
601.718
610.482
229.752
222.913
675.283
615.545
576.323
649.186
547.467
623.708
732.571
658.8
552.995
407.064
643.37
595.645
582.949
568.532
643.535
516.094
480.984
523.802
372.612
587.991
552.547
535.333
510.693
420.482
594.612
542.424
730.516
638.427
692.456
454.744
487.921
516.97
601.929
692.028
612.769
661.349
422.561
609.405
734.121
634.597
676.373
633.954
506.911
466.255
569.256
624.368
543.804
522.996
527.409
613.434
576.872
661.682
643.459
632.949
536.972
773.413
628.932
670.6
668.183
524.615
424.456
575.03
591.737
594.794
701.009
558.415
573.764
503.994
497.429
647.004
486.581
581.085
403.02
614.698
648.286
581.636
564.494
565.097
737.128
663.645
716.196
648.967
586.052
730.28
758.476
619.878
658.808
690.139
699.724
578.551
677.524
665.362
449.978
625.549
712.119
742.224
686.539
494.964
468.09
597.178
636.851
317.789
633.107
574.773
734.36
519.162
493.562
531.791
372.145
485.573
514.581
505.449
480.227
264.987
689.76
522.001
564.541
600.911
739.351
574.591
751.024
541.531
553.322
667.3
459.865
520.001
504.912
668.48
530.349
723.075
558.447
549.825
525.813
538.278
518.799
625.391
607.934
622.788
477.144
697.63
432.307
612.243
649.399
533.31
521.479
602.666
505.496
601.831
644.661
635.843
710.403
594.966
743.722
599.03
530.079
618.615
690.638
466.705
562.909
692.343
634.881
632.345
818.878
678.252
674.392
725.074
684.972
653.191
729.999
637.745
700.223
666.274
661.364
633.315
707.823
699.898
637.304
628.815
541.606
613.064
666.524
784.389
723.435
590.163
692.126
653.225
779.639
611.106
667.903
809.504
610.941
743.617
618.104
589.475
765.188
724.601
693.003
452.527
646.996
683.49
752.774
635.788
407.525
670.402
711.821
628.793
360.727
613.813
676.441
632.322
702.399
582.919
560.792
630.358
387.474
619.051
654.23
204.624
569.318
821.111
629.752
289.259
381.362
318.024
716.258
231.151
439.502
220.928
546.635
532.42
562.424
323.878
361.743
504.996
447.102
506.445
656.794
624.765
750.693
675.158
663.968
730.938
256.279
725.082
514.999
723.746
659.516
760.968
485.479
406.891
405.158
723.658
699.039
708.63
603.018
257.352
324.957
371.923
691.699
770.212
495.385
707.899
678.966
402.477
301.495
750.814
774.053
794.504
780.353
812.635
293.828
420.267
555.123
701.445
511.784
523.873
642.762
714.882
641.919
736.183
620.699
572.781
384.832
784.192
751.904
802.099
723.814
803.411
574.366
325.289
650.598
584.59
564.158
691.273
344.219
365.237
348.58
307.182
404.078
805.686
579.202
285.275
403.503
647.954
551.396
549.351
138.521
550.051
639.683
758.142
274.45
516.029
536.635
745.14
302.357
687.386
293.69
673.29
462.117
652.021
510.783
690.111
717.45
441.518
761.614
296.113
326.943
536.374
549.775
346.882
721.119
370.49
699.792
786.099
733.914
771.627
662.152
381.56
782.813
710.053
610.622
581.303
799.305
770.431
708.702
696.925
729.043
445.331
753.489
667.052
798.663
744.731
332.477
723.302
726.245
747.436
750.495
776.979
813.81
779.778
711.647
657.668
726.799
601.45
625.995
567.391
576.691
818.139
618.457
617.484
590.37
778.432
563.799
659.866
670.942
507.074
723.527
669.031
651.638
637.713
707.175
694.066
665.31
494.984
782.635
528.066
553.044
481.001
590.654
579.407
755.732
652.767
687.614
489.254
456.039
816.811
781.869
740.625
616.089
599.214
194.224
761.838
630.749
357.039
736.165
636.497
179.861
375.203
330.472
282.57
609.837
584.376
642.029
774.22
819.257
774.4
718.213
815.575
550.546
674.004
672.855
824.318
435.96
568.742
699.094
648.605
624.846
648.47
775.671
644.093
627.507
601.497
558.424
600.595
662.959
300.832
384.827
670.471
397.964
582.36
375.682
550.764
609.51
264.902
516.713
665.059
292.869
218.614
617.92
418.687
432.798
466.253
669.934
381.767
384.952
598.027
636.371
548.304
617.55
311.406
324.469
344.961
630.043
655.114
631.071
625.122
522.912
723.811
688.524
575.93
590.029
573.943
643.141
675.721
530.921
713.18
599.838
684.553
535.663
506.638
542.757
520.354
513.281
629.1
518.176
619.266
592.18
504.421
478.438
517.476
538.386
706.989
652.971
485.801
579.668
600.8
435.183
709.778
679.832
521.804
433.417
502.518
497.478
649.51
569.515
376.785
411.919
448.368
637.188
644.768
698.87
676.934
592.103
678.916
650.501
575.089
577.18
555.602
604.477
516.701
627.063
547.874
508.183
512.699
631.6
673.465
668.315
703.127
557.828
645.724
492.333
697.24
712.52
694.827
761.391
541.195
543.675
568.464
558.457
536.232
552.522
500.938
576.031
539.884
412.382
622.219
487.58
641.182
485.501
576.174
529.236
493.451
542.352
582.785
441.648
531.82
506.951
413.747
535.605
652.584
505.579
534.55
466.882
575.764
594.203
542.128
669.692
588.769
469.031
600.623
715.329
758.854
603.252
511.902
545.931
623.35
348.741
595.004
726.004
741.814
530.078
457.762
391.317
604.41
443.475
616.099
578.682
751.609
737.101
520.237
636.278
471.779
568.754
568.701
443.493
642.003
462.654
578.372
672.048
519.254
681.021
840.53
573.111
742.148
560.303
684.788
704.097
683.634
607.268
730.268
756.485
646.412
674.418
644.539
323.105
590.554
823.735
56.7627
769.023
654.572
382.476
332.03
598.191
686.833
643.287
753.819
643.663
529.556
665.812
691.358
278.465
410.791
563.242
725.594
627.598
761.6
738.781
399.767
499.494
473.075
525.387
393.085
584.559
725.466
769.644
558.993
580.328
717.346
559.587
666.14
671.669
483.008
556.774
710.13
503.22
502.679
154.926
438.567
784.326
702.424
306.692
649.914
720.022
780.62
235.023
436.04
573.437
493.529
489.501
755.669
695.119
819.343
134.428
588.349
662.483
770.772
626.092
743.12
761.705
547.696
625.381
641.593
639.087
617.22
730.304
670.345
634.641
686.152
588.524
598.219
659.017
610.476
409.315
647.61
494.162
724.018
589.965
601.174
580.074
518.795
573.922
507.664
438.64
410.424
278.045
768.173
172.606
628.03
341.265
667.089
692.707
654.64
626.319
561.215
715.612
295.79
601.331
564.357
562.069
244.499
143.656
347.007
266.113
506.471
590.122
600.72
225.178
384.03
624.333
459.883
383.127
539.389
606.177
601.415
634.734
723.368
514.018
249.137
696.213
479.147
463.267
522.927
527.306
473.286
535.186
680.418
665.925
562.173
633.596
537.381
644.384
660.249
528.426
632.959
561.213
658.665
502.412
606.735
657.368
631.983
455.584
743.416
745.592
698.731
724.476
699.645
543.119
524.662
513.027
546.103
477.637
625.808
575.794
632.209
739.463
686.557
730.178
742.092
786.881
730.613
543.144
564.343
496.211
537.087
360.35
611.466
601.939
533.535
651.87
371.354
625.111
724.303
541.807
622.01
561.083
544.734
467.924
527.496
534.422
588.028
528.676
585.923
617.635
527.187
569.369
591.955
583.967
469.768
364.236
540.741
654.908
447.131
618.652
680.259
564.069
479.453
396.965
553.789
417.572
421.119
498.826
595.597
581.929
637.428
550.815
575.319
572.402
513.203
350.584
665.019
583.646
656.465
658.128
668.221
631.284
727.942
664.915
708.34
691.793
580.526
745.816
617.824
718.464
750.32
694.371
687.841
767.977
740.906
552.475
633.617
652.594
360.839
684.644
565.335
325.561
287.106
529.566
586.711
331.415
687.08
672.198
619.727
345.523
287.428
682.21
511.369
321.232
709.649
640.928
582.144
626.575
503.909
535.346
560.86
254.598
648.596
461.838
399.263
481.445
544.366
491.9
535.886
638.933
731.875
742.19
515.892
615.756
492.86
740.583
630.879
482.903
701.863
374.168
390.928
505.681
574.274
494.14
434.069
569.342
718.333
643.009
691.341
628.431
353.918
406.716
678.435
515.068
510.97
530.208
458.942
446.908
646.453
554.737
591.709
438.656
561.002
224.918
562.896
410.72
702.395
709.759
614.439
710.794
716.346
620.889
369.529
594.889
509.323
608.437
716.843
766.914
748.722
620.928
778.276
538.054
498.461
650.418
379.739
573.872
438.54
624.523
358.794
440.832
351.869
547.768
348.665
513.042
495.203
370.814
423.115
629.292
539.079
478.589
637.21
395.568
496.674
462.251
604.688
571.39
593.874
508.18
558.625
518.433
623.558
560.505
534.576
589.35
627.936
599.086
465.573
689.157
582.374
594.205
592.299
643.53
699.803
612.603
770.988
751.983
747.62
661.586
651.637
751.054
657.433
545.789
512.108
539.618
428.501
554.925
566.069
742.552
627.651
563.873
546.174
568.651
581.262
509.315
780.406
731.08
597.301
513.049
440.522
561.529
702.352
562.025
368.035
649.766
619.385
570.358
555.753
387.084
664.503
579.778
199.389
551.212
683.864
506.344
678.948
476.894
565.72
599.291
213.3
460.247
624.785
493.837
655.472
587.132
680.21
550.566
433.698
675.383
547.683
416.037
579.098
710.531
552.302
506.806
485.464
512.384
532.556
432.675
537.084
564.494
571.807
534.007
466.289
641.104
580.483
668.88
682.473
618.391
437.939
544.959
515.3
456.807
595.809
714.82
573.811
275.987
626.006
252.129
528.009
494.352
459.285
543.851
573.588
356.758
510.837
617.045
532.955
646.426
800.032
345.62
528.727
588.989
288.765
624.244
500.458
511.287
677.791
606.59
615.449
322.216
721.712
714.992
465.213
696.327
545.612
647.791
473.321
480.046
530.856
686.021
510.763
606.547
671.428
539.299
543.453
531.869
456.457
596.949
626.438
437.419
646.563
487.039
450.925
735.103
420.349
360.26
664.342
708.641
476.938
574.374
745.942
377.902
569.601
626.841
570.626
636.179
692.321
672.183
610.374
489.827
601.429
532.95
447.994
674.116
658.339
635.719
657.424
589.734
697.781
679.786
712.09
547.475
595.576
564.081
471.415
700.025
542.446
276.145
460.632
634.676
552.593
663.758
720.506
468.425
843.12
455.468
679.09
510.331
571.575
616.884
590.692
561.97
683.594
782.011
492.018
523.999
583.806
343.175
300.048
461.268
466.083
717.339
725.397
652.63
631.143
798.754
763.866
612.123
436.34
554.532
557.121
594.187
610.415
562.278
592.127
461.964
610.928
