distance
66
63
74
71
70
85
49
50
80
48
50
53
59
43
52
78
63
60
48
51
73
70
50
58
40
46
54
38
69
47
58
35
61
77
61
51
48
74
60
61
71
66
50
54
70
54
65
55
62
72
50
45
55
64
46
52
70
54
55
58
73
54
74
43
71
67
53
57
73
63
58
67
65
42
58
59
61
48
77
55
54
70
57
49
51
55
63
62
54
80
55
65
49
72
61
60
64
49
52
82
51
54
71
54
64
60
71
53
58
65
48
60
44
49
65
47
63
44
73
65
49
59
52
65
62
66
45
53
69
58
44
59
60
56
63
64
67
59
66
51
50
72
43
59
80
58
77
64
48
49
58
50
73
61
41
61
58
73
73
41
37
66
79
63
47
74
42
61
62
62
57
70
46
70
59
78
63
70
38
82
64
66
74
49
61
48
60
51
77
68
74
75
86
54
54
28
71
70
70
69
80
79
78
65
72
59
52
72
66
56
69
74
75
74
77
61
52
63
59
73
81
50
56
57
83
70
86
62
53
65
77
49
59
58
66
44
63
68
65
71
58
86
66
60
50
51
47
47
49
49
62
63
43
66
67
50
59
49
58
54
56
48
79
54
44
70
62
69
72
53
60
51
55
44
71
77
61
61
56
71
39
65
59
65
65
61
55
73
54
80
51
51
66
61
54
54
69
58
46
63
65
73
43
33
66
56
49
63
65
64
65
65
59
49
33
60
58
75
52
63
54
50
44
42
53
48
56
55
47
59
35
65
49
38
46
56
47
40
66
31
30
44
22
55
73
64
63
62
53
63
60
66
53
71
39
65
66
43
50
68
42
68
60
53
77
71
62
69
49
56
64
62
84
54
68
42
52
58
59
80
52
65
72
65
53
23
68
62
49
58
69
61
35
60
68
48
71
46
50
62
50
69
60
62
81
61
76
35
56
65
82
60
55
69
34
68
63
54
81
56
45
70
57
63
21
71
54
53
60
62
52
72
58
58
81
79
76
59
36
37
52
68
49
53
73
33
70
50
44
43
61
51
43
34
66
48
55
25
47
28
58
69
73
58
54
69
64
29
41
45
67
47
53
63
37
64
56
40
64
47
65
18
64
77
67
71
51
67
52
52
52
73
72
66
88
65
77
70
55
50
49
65
20
86
69
58
55
52
52
58
70
71
76
57
79
45
57
33
50
58
50
24
65
44
84
49
56
31
62
56
64
71
66
72
72
84
71
56
70
30
64
85
35
75
70
75
61
67
65
23
75
35
58
82
34
55
74
71
73
37
56
69
29
80
61
70
66
74
35
69
65
75
72
68
56
77
71
70
47
58
63
51
73
27
39
80
79
73
69
66
19
55
18
72
42
69
72
61
66
71
67
85
64
28
55
66
77
67
37
58
25
52
59
54
18
32
74
62
31
80
80
54
75
74
50
31
84
75
79
44
64
34
62
22
72
85
49
38
78
74
74
25
83
21
64
73
76
70
37
68
33
44
73
31
85
66
59
39
53
27
78
58
62
52
84
76
70
86
16
81
71
44
52
73
71
40
78
52
87
85
77
72
23
32
83
71
21
35
71
75
89
36
77
20
34
78
86
81
40
90
68
28
69
76
54
58
75
70
76
45
74
71
64
30
68
56
24
76
36
25
78
75
82
65
77
77
68
86
82
24
95
58
56
62
79
67
72
79
24
71
20
72
74
27
69
21
57
31
62
81
57
85
31
20
79
66
80
80
27
78
73
57
70
83
81
67
34
23
76
82
86
83
68
79
86
44
84
80
85
70
81
35
78
84
71
74
86
89
78
26
31
27
77
79
87
62
21
80
35
12
70
63
90
38
23
74
57
37
59
85
65
57
18
31
78
92
74
82
12
86
72
26
88
72
34
70
94
28
54
30
35
83
35
48
42
90
76
89
38
36
17
24
84
15
68
73
77
80
72
64
63
73
13
87
72
18
80
30
32
94
63
86
68
20
74
42
34
49
77
33
12
38
69
18
72
76
85
29
81
80
26
31
21
78
85
79
73
77
74
85
82
84
47
87
81
21
36
74
22
21
37
67
57
31
27
45
57
79
20
91
57
68
81
40
30
58
25
37
70
72
31
85
64
68
23
21
74
75
72
64
73
81
72
72
17
86
71
94
77
76
77
46
64
83
19
86
63
65
59
78
19
41
24
62
16
79
49
32
27
77
81
76
32
32
74
18
81
77
89
20
70
90
73
82
82
66
65
39
66
72
24
32
84
89
33
24
27
81
28
85
83
70
59
60
50
75
65
34
30
24
